204370
116377
79415
32051
119156
274922
50604
76986
94949
54758
97572
204484
49755
71347
100632
49246
120689
104315
172060
28345
85785
88628
86364
42135
64009
91666
133844
116894
111521
96458
53882
153318
45593
141911
60941
85189
93084
40725
34858
81927
41821
52831
38898
63731
339176
107712
76254
80986
56556
45354
103788
84322
96778
187390
77457
44397
137296
100512
114612
95948
128167
108373
119163
72287
78557
147901
29397
110237
89467
42222
44762
82280
204609
114598
94784
57204
48533
112400
95272
124142
47244
32530
93121
73309
48565
75250
92199
84380
87164
27328
475325
87385
32107
60884
106621
89412
75225
69106
45182
100970
56183
52075
122888
127153
45893
61924
68191
219604
84636
38213
34011
56301
47929
108266
106137
32590
116921
116905
88097
136504
99579
66047
114852
60755
63812
54872
183266
23648
211669
47952
43561
45193
104479
88495
321696
126301
109508
130989
106377
117617
78068
20720
152496
348698
57413
80994
50545
78522
60998
44316
100785
119636
57862
60412
38868
184690
56827
101669
82592
70115
62668
34536
47682
48808
37740
64374
45411
119972
51904
33295
84423
50938
80064
71116
45503
86147
80635
72098
52084
85379
103460
53069
122971
104168
19206
75489
101733
144500
123955
96251
87613
31570
83001
51327
40719
62581
111287
187827
110577
91942
87850
122374
123380
47781
248748
43170
147919
44191
44016
48162
70330
90119
52769
90121
96759
92862
57326
179321
45129
106727
141789
50054
83244
124637
37567
30712
140415
162415
143844
155550
50374
181044
56614
53259
44377
61579
47228
121454
85459
62196
56221
296173
89016
114596
22873
47700
76540
94237
77728
80758
422651
98116
91281
44923
159528
417861
50163
83510
41561
147790
61773
68296
59351
23797
41629
55940
12510
54434
81649
23160
51110
19179
43175
42425
38543
43333
31993
29984
29022
35514
25120
21680
48751
32569
23566
17338
12493
72973
7534
36758
24778
31047
13353
54498
27227
25293
19718
22092
14855
21908
49042
44065
16690
24489
28879
31437
29837
21496
67271
13538
34731
13511
39868
27994
50419
20439
18132
19674
44367
18232
50370
38435
30813
14445
24052
32750
34892
89192
11497
21919
22506
45647
29492
31148
15470
42665
23512
21817
40780
8891
40350
42819
28110
24009
20715
79406
23987
36121
23521
15189
26029
48772
26302
40895
27406
28198
43957
36063
58538
39198
64936
26548
46580
37661
36172
51706
46217
10378
41570
29147
51634
22848
105047
121263
23761
87449
18752
166534
58425
56051
22887
47611
59680
65342
35177
22162
78137
75743
54078
51253
89080
24174
26797
24705
21602
38882
128235
36418
22436
23146
11417
22076
20796
51010
48745
148195
11754
18485
17659
26004
80722
49171
82529
87283
32058
22273
18722
46948
131393
27220
38325
20817
37004
42087
37040
49924
31576
105234
54636
39228
13908
46437
57588
109510
24845
42477
71676
71048
72592
30386
37627
55933
41584
45080
37365
109779
19718
188051
25101
44016
46374
29582
24999
28819
19831
45934
57463
26857
27163
75625
18628
19081
17222
34872
24886
54422
45621
50227
32091
14321
47362
40387
49259
76573
21512
26103
22718
29962
39460
22495
28566
33359
8139
32002
24092
39613
83879
15104
16455
36695
64556
30377
38834
53817
43538
16332
29719
52765
81511
50097
35158
38706
50935
20307
56603
74051
37302
53100
23567
21661
26764
59664
54094
49081
26820
26744
25242
29715
23186
27390
28655
34430
31503
30324
20149
33952
32851
28855
23628
48355
65843
22048
40455
47306
21649
16843
48528
29081
46108
69514
28344
22299
48111
41689
35774
22081
28931
38790
31866
28038
23661
19205
13128
18977
18071
73380
43481
64986
34306
17323
23474
19596
49877
79523
29695
82898
59047
21596
26583
27426
42439
26284
64803
20481
28495
13823
63044
13988
21512
16046
41023
19870
82674
78857
17317
80429
29667
22910
17004
34266
17542
83935
17483
44182
17309
14490
72465
28802
12143
18967
46747
43219
19986
77475
39975
18235
67060
18287
69014
11136
48578
11499
23508
50677
21977
41509
116766
27626
63085
45536
55419
25547
22842
34790
49531
29299
20220
58242
66685
36411
19325
15379
38246
22422
48498
38365
15755
34804
76598
25828
63946
10066
21231
823223
66111
47915
45911
46179
61604
36694
55969
51610
7124
33814
39213
36900
41633
36030
89737
53899
66262
80455
27010
93234
30700
43783
41269
47967
79401
59876
45190
76334
49553
70221
30388
55557
30082
38690
32596
39855
80671
37250
32452
97228
35569
50784
59972
150801
45196
33793
64922
88831
190103
61974
59622
29220
66658
77818
30797
51260
29936
53734
59326
120460
37448
30867
37198
63399
38014
57113
179893
35149
33479
41220
38087
47735
59924
36398
33764
50879
40485
78321
35242
47575
68038
438811
59474
30070
60596
73072
69237
63985
59159
27905
67017
32391
43084
38275
57756
41619
24310
168472
26506
31833
44024
42757
65868
40172
37960
60097
48880
58146
52569
102645
66520
150956
38913
60918
39291
36438
36229
171347
38757
110654
53401
47128
32059
92537
71031
32911
60537
30678
64464
43736
106161
47745
48767
55155
42569
77070
76196
67475
40508
46521
64287
44755
47586
43141
48612
71500
69170
43046
50616
82080
60191
35124
203547
109917
90577
79515
35393
58865
86931
51730
59373
94785
67766
44502
39265
41994
56169
32870
32522
33008
51033
59612
30593
429949
440051
59570
48627
29263
592060
47085
66012
38608
213124
40963
63977
36715
43427
40432
34478
103524
47199
38021
41925
63340
125179
49260
33557
114823
58642
89004
126735
28390
43076
52573
41244
58221
58373
39514
101138
66663
58329
30022
30180
88450
37026
66631
79267
47700
85208
129743
44191
25368
140015
28662
52117
19086
44306
44312
67671
20259
37470
56388
30708
20865
31703
50033
51322
224262
49904
42718
68237
12265
38027
151953
297735
43586
39010
30715
58259
31975
21679
39894
74373
21380
22629
19185
63587
29340
46710
127698
22886
44936
23882
41476
48373
41169
25449
64104
8145
26158
34474
22056
13019
72408
73037
41114
65872
28322
90361
41327
16042
35648
1265
11597
18137
15134
24627
22242
23205
45448
36761
36498
18976
37920
596741
26623
34928
76698
34855
19051
19265
52221
12709
29585
25815
29833
38769
26089
11207
41115
27856
30423
21964
66276
44906
303459
14215
90939
211317
30048
143420
87415
16437
36718
27932
36775
25597
116773
30406
34327
16047
21122
21042
30637
49093
130583
24984
24481
156481
25919
34692
47556
31019
37197
22398
8577
26906
44289
97450
12283
36783
44639
13188
23365
52378
160951
11708
43333
14619
16655
22053
16694
502845
14492
44016
33796
19172
74683
14481
20398
53378
16895
18781
234610
47474
62276
53155
33369
39389
23709
27349
17039
15915
17209
25174
40656
13622
15326
34277
286660
43945
267840
27783
48034
16069
43953
78293
15040
28206
23738
45092
18382
22034
25903
36925
59235
33309
26403
40447
18510
40881
18082
196899
53732
12783
148220
33936
18553
36030
27215
16821
141941
19308
20620
40943
12276
54204
23480
177944
26037
53731
16025
28594
46421
18373
36687
15632
60518
35597
19040
129772
26627
26534
74749
21076
20154
19666
25081
12619
22167
149775
9584
33791
92607
19012
87727
16070
95563
22963
25915
7592
29818
1358830
44285
19610
87170
17737
422863
23128
48996
207844
46659
38698
145685
34692
62204
40414
91271
22999
52571
129376
77026
22307
52292
21642
22670
20978
31325
46642
16311
23884
38279
52685
16508
17407
16709
19055
37486
36169
549888
15194
41411
36389
56378
24504
10230
51156
26019
22764
14589
30019
25062
24175
52168
228299
68734
40849
14101
13814
43459
17599
64050
13523
53078
34689
17299
26496
18163
35100
34230
273777
6548
65103
227
34457
12649
27143
7523
20033
14253
32920
89672
5991
54725
16636
29550
28185
44160
18983
59505
38836
30276
31231
35594
34761
21357
39388
21192
28275
50885
42675
41815
21102
14629
29087
21302
19969
73800
28372
31717
28257
24604
26893
16587
24616
72939
44502
47726
41344
22691
21285
26633
4670
89617
11413
92573
111970
42601
83172
15625
40797
30545
49639
536001
50171
22852
18295
10056
17027
734415
268385
17333
11001
3042
282237
24583
63752
27600
21078
88750
56039
27220
41224
21076
62029
47563
21707
34520
43845
62719
76668
60191
36646
20586
37445
23334
35852
39186
16182
26128
21234
54052
145916
82757
34193
16843
16456
27956
36538
45370
89768
54598
45503
15496
37364
56405
186688
243482
28879
21433
62342
30088
38368
27903
26632
200797
15588
18338
50466
27031
64767
31437
42545
43907
21073
56729
27103
29141
39720
25449
60632
71593
17716
41831
405520
68543
22024
74793
66630
186143
92998
36871
114951
60285
11399
37234
218366
30541
67714
47867
47867
103044
77247
16168
97317
87760
40227
19157
52744
115972
36440
22462
396946
75423
23024
266755
47140
34885
41343
112254
60802
18441
74817
43788
29974
19673
118162
18833
30672
40561
27999
22147
32659
10277
77736
85586
68310
24188
34778
166459
78391
25260
82347
303224
132771
57573
37966
84717
124139
33891
32117
33131
48305
81395
21902
41524
272224
27929
121515
246943
18185
43159
23867
36584
20851
50557
68637
49714
37175
301267
32317
52996
104206
9818
38842
28825
79548
20185
57104
15877
42214
42081
105143
11053
17519
29770
33086
55988
47281
34152
42187
22264
39013
15861
13231
736442
68430
12497
63732
26609
93029
98772
13646
47557
33948
166262
228712
35246
41432
24305
46022
72640
26743
34128
21272
163176
36478
30992
24358
38464
81080
70090
84509
59644
26209
116986
105774
91021
41736
21348
47534
37637
16805
81085
41033
13860
41822
35763
22641
37060
100244
36056
26163
24458
18123
93026
41537
19684
45528
510150
160368
28339
21600
32391
296030
31901
21264
9587
136016
79350
53294
25939
44090
32229
59835
35278
42026
72938
22344
39919
13742
49929
35992
41680
93496
123554
34914
8714
25096
16954
96127
43901
29521
27039
97913
14842
180713
28190
46354
86800
41542
24248
39097
30112
147237
51632
11574
38739
71635
31997
64110
127376
36845
27383
646125
90674
37942
38179
90743
41901
157480
48507
103471
61288
100219
206118
185424
164294
48065
8690
41373
14793
23596
41497
28485
71903
40043
48374
38525
16184
128997
33636
91939
43627
496902
47660
32588
42186
114380
23622
47821
28298
29087
38893
132447
27277
19992
17364
38206
48337
50174
43204
59355
46552
30506
24510
33833
23983
58833
15404
37088
33581
17433
42332
40627
33331
14961
69429
44293
20414
181358
17892
16700
42076
39300
65992
44163
6576
22511
25291
23229
27246
19893
59782
33017
18737
37961
24777
201978
17460
32705
16883
24281
54854
18817
28881
163101
36532
25203
29462
24341
39306
96915
20927
26677
129628
136894
95109
32721
30744
37012
38167
45918
43262
33544
80237
42378
36312
60177
14295
53760
82509
34978
118102
46854
18186
38838
50344
30430
18273
45940
34720
37876
47045
42515
93516
69861
24617
37976
31241
38177
279945
46083
43334
19827
42999
39611
148460
17095
77533
56770
30464
28589
73746
24696
102499
59386
40128
48866
51088
38174
39652
21817
41174
91175
41452
44717
31484
16095
50633
48466
47421
40754
67644
38065
40377
35202
77024
21881
220605
17327
21415
78529
82536
79793
35358
35723
33677
215945
33200
17000
27827
67485
17175
38478
29359
58497
35775
34154
71415
31312
76182
28115
92340
52220
68956
18567
38252
37848
82735
29471
39651
111788
58572
33207
47615
82713
18724
38468
56275
40602
33212
66677
21575
22646
72421
46942
95073
29174
17330
42999
21705
41410
71355
145416
24303
27643
177727
41679
29603
42406
45404
23761
90434
28927
103414
19892
44093
37625
27663
36067
71875
49534
30901
15395
83952
101218
70410
67205
37123
63264
25039
170005
41315
88311
34587
28151
110770
42440
33752
169550
35425
29639
29408
66052
44382
26250
23861
34372
51530
237201
36277
37259
35594
17400
168243
15927
33132
38721
28969
39140
32085
34690
145815
60509
104636
101137
29013
26341
24603
40692
21108
38713
37826
29054
36924
56796
31672
40089
23525
88557
19915
65046
12845
34593
98765
60285
16289
42424
94128
40271
37571
16556
130336
21670
65451
14928
42557
34489
16216
14884
204120
39895
27160
30121
28259
31672
33976
762369
215282
126026
143067
62118
37821
62431
28191
12187
35918
45418
29570
47743
210847
57751
17277
304022
39212
18081
80401
30538
29204
29050
133879
41275
22291
280275
100784
22622
93569
31638
98051
30058
33720
33495
49358
24923
116932
36335
34001
13041
16053
39045
10435
22678
77055
36133
50598
42619
35259
22337
30777
118134
25171
21368
78368
285957
17776
37141
42915
122974
26036
25521
32287
43617
55550
3586
19456
65526
65939
27533
56740
77135
31249
56694
78048
31444
28642
62389
106715
26067
309833
35410
20584
17972
240132
17609
19537
36764
206781
41311
30522
44460
121798
23281
92118
83619
23697
63659
35299
65757
27855
34680
61169
44464
55401
6318
14014
54351
70755
8684
14103
13817
46995
75810
41092
37189
24469
20872
84499
81074
11379
103490
51622
9980
208315
32187
69014
68524
61799
35958
16181
31891
25365
13459
40595
90799
37811
19431
269391
32811
102938
22206
18809
90835
57457
40086
117126
71063
18104
43785
19399
212772
87524
88452
76973
36582
22262
25467
13306
46997
14873
119448
114163
22584
23458
21718
30268
21669
38310
31908
20950
27946
31250
93525
80575
26532
63515
116035
22826
16968
88361
23793
48255
54553
45015
287663
85801
46118
103905
18599
49126
45939
161400
28315
23898
16531
30244
38470
76604
37388
18216
22243
35821
41949
26214
39044
32506
44009
196112
110587
36694
35617
85443
38492
21513
15322
21726
30526
40783
115487
23348
17360
34351
169636
28880
37933
34604
48167
10908
275221
211019
155053
181869
56719
22726
32537
127246
15935
94394
36232
474111
39786
166970
51335
48298
30126
58811
293631
47014
55312
38430
77442
29994
62424
32615
21955
112861
76336
17031
57912
60005
122304
47432
16492
43817
16573
175705
100094
49340
25202
21595
73873
63924
36788
61935
7457
41005
50826
37292
43188
80751
18987
35920
33320
44109
68786
16734
63461
107151
111410
35944
83292
16101
25192
143488
50157
33952
66945
29007
37466
47386
209158
15198
27420
39081
23885
39078
22201
86377
20312
33795
13064
6903
27342
46392
30409
40209
22666
18611
70924
32907
26454
18991
55107
133809
16655
137069
124710
19514
89945
23231
70427
50451
32884
45338
26083
190179
23564
31796
19223
30918
38600
122807
47415
34271
19650
75245
11828
21827
33184
50622
117906
63650
27927
69363
201458
17037
21977
18757
97399
130979
136662
287339
49099
56510
21132
49448
17441
30497
43604
46708
34665
145144
45584
22636
29149
29012
29242
21951
85102
77758
22030
27340
49853
26221
41423
58105
46797
35717
65561
69817
54836
79768
34345
51174
36009
68920
79698
56126
30226
37593
45571
56593
29409
77945
11105
35777
52973
20947
49839
79961
44301
52497
75932
31804
41855
32703
44558
73169
96995
50973
25413
19930
47555
64975
35935
65656
29465
106048
33250
56844
46133
20311
70144
69467
38913
33842
134186
23941
51385
169570
37769
32992
33590
101093
38626
46435
39398
26287
34485
43300
37568
29960
87766
24905
71810
96272
56305
22978
43760
43899
46831
46621
27687
68649
108909
43692
89224
38856
71835
38001
56426
527056
84082
65320
69917
167624
85138
71719
98556
103152
37247
96736
118567
60268
54118
30734
30517
82990
32545
69060
39876
66490
88284
59052
24848
